20 1 10 5
1 2
265
-0.177744
-0.332595
-0.213909
0.790669
0.142273
0.0510531
-0.369919
-0.60778
-0.250989
1.0039
0.54469
1.15387
-0.564841
-0.788969
0.324713
0.186647
0.694017
0.373969
-0.455768
0.53703
0.594496
0.00208705
-0.0626436
0.281422
0.360618
-0.525701
0.666535
-0.696055
0.711641
-0.530248
-0.559851
-0.840286
0.593352
-0.23547
0.372337
-0.941027
-0.334319
-0.594825
0.21715
0.202623
0.73688
0.643097
-0.763794
-0.541527
0.574718
-0.941502
-0.241957
-0.500357
0.492105
0.276553
-0.107859
0.427192
0.426948
0.791217
-0.788665
0.260622
0.677322
0.303684
0.34818
0.0878566
-0.426796
-0.471936
-0.521636
0.0646885
0.763497
-0.06546
0.253417
-0.451533
0.63091
-0.814373
-0.313369
0.311909
1.13416
-0.223472
0.0920892
0.181819
-0.413427
-0.173662
0.244593
0.872977
-0.0136323
-1.36944
-0.0378356
1.04482
0.927607
-0.208602
0.754377
0.599547
1.59397
0.094266
-0.0518588
0.398037
-1.19597
-0.366069
-1.21672
-0.99993
0.319455
-1.07547
-1.05031
-0.366969
-0.513151
0.605806
-1.22898
0.151301
-0.833476
0.944253
1.1012
-0.735072
0.112434
1.04466
0.275367
-0.0936402
1.14199
0.431746
-0.0491106
0.398912
0.194347
-0.690843
0.153482
0.307937
-0.517192
0.946689
-0.816823
0.797759
-0.624129
0.213665
0.184467
0.842874
0.85206
0.826577
0.104326
0.550537
-0.495149
-0.522158
0.729986
0.0854654
0.0598603
0.90446
0.213338
0.310997
0.788948
0.178974
0.251089
0.61194
-0.639075
0.682896
0.0319664
-0.255834
-0.435893
0.0518232
0.179177
0.00790705
0.134589
-0.638353
0.510516
0.353224
-0.821525
-0.495923
0.487139
0.734858
0.0707752
-0.819969
0.72848
0.598471
0.958772
0.962923
-0.650743
-0.515424
-0.507639
0.162945
0.366381
1.27187
-0.450172
1.10029
0.415089
1.24983
0.327561
-0.593823
0.313828
-0.143248
0.528953
-0.56773
1.317
-0.316379
0.339769
0.015113
-0.49537
0.872469
-0.0243169
8.80627e-06
-0.963339
0.0912893
-1.22088
-1.28967
-0.280152
-0.661633
0.450217
-0.996512
0.201919
0.461753
-1.03951
-0.550973
-0.105464
-0.215971
-0.628429
-1.05904
0.478539
0.408041
0.0615948
-0.786515
0.765984
0.8858
-0.636799
-0.938475
-0.931272
0.917905
0.215979
-0.279672
-0.799493
0.672903
0.372082
0.948057
0.327219
0.299661
0.295907
-0.325114
-0.924924
-0.280587
-0.43086
0.3155
0.96054
-0.966887
-0.289315
-0.69451
0.888668
0.738639
0.894009
-0.0808741
0.00427259
0.790124
0.844447
-0.534349
-0.821833
0.539781
0.00833155
0.778405
0.0788903
0.665456
0.838038
-0.047792
0.365337
0.76458
-0.311777
0.561388
-0.377026
0.639302
-0.50032
-0.619678
0.794855
0.206549
-0.758171
0.327372
0.788598
-0.0334178
0.540086
-0.122868
0.587329
-0.909818
-0.0206305
